Key: 0xDFA62F3EE8304BBF7A6E153F2F88203F823C47BF0A690D3D4793FB3EFA624F3F | Key Entropy: 3.723399
Key: 0x8B5C24306F12833AA69B443ABD3786356F12833A6F12833A6F12833A00000040 | Key Entropy: 3.563853
